I062/010[SAC: 050; SIC: 240]
   I062/015[Service Identification: 234 (0xea)]
   I062/070[TOD: 7203840 (UTC 15:38:00,000)]
   I062/105[Latitude: 48.117886 deg; Longitude: 16.568434 deg]
   I062/100[X: 191.2180 Km; Y: 71.8775 Km]
   I062/185[Track Velocity X: 0.00 m/s; Y: 0.00 m/s (calculated)]